20
30
40
50
60
70
35
45
55
70
86
35
74
24
64
24
20
34
33
22
24
32
40
50
60
70
35
45
55
72
19
35
36
24
64
24
20
34
33
70
20
30
40
50
60
10
35
45
55
33
10
35
74
24
64
24
20
34
33
22
20
30
40
50
60
45
35
45
55
5
22
35
74
24
64
24
20
34
33
22
20
30
40
50
60
70
35
45
55
70
86
35
74
24
64
24
20
34
33
22
20
30
40
50
33
21
35
45
55
60
47
35
74
24
64
24
20
34
33
22
20
30
40
50
60
70
35
45
55
70
86
35
74
24
64
24
20
34
33
55
20
30
40
22
60
70
67
45
55
30
10
35
74
24
64
24
20
34
33
22
20
30
40
50
60
70
35
45
55
68
8
35
74
24
64
24
20
34
33
22
5
35
18
24
64
24
20
34
33
55
33
55